0.25245081
1.6908269
0.9999067
2.0455868
0.10403249
0.098355975
1.6593835
1.0000595
0.10195295
-0.24078049
0.70205024
0.41522505
-0.14852817
0.051028891
0.99979309
-0.097248378
0.06138761
5.9652714
2.1325983
0.99979309
2.6590538
-0.072573962
-0.23605487
1.1411456
-0.23668549
0.6618602
0.9999892
0.21985917
1.4471045
2.2570498
0.99979309
2.9478126
1.2129777
0.19191549
0.6803716
0.85464966
-0.059080604
-0.049867911
1.180608
5.3095741
0.99998739
-0.0060998184
3.5084051
2.9375201
-0.34157943
1.2422647
-0.074848695
3.0145692
1.130493
-0.28597384
-0.13210259
-0.52092564
-0.23800717
0.42528316
1.3465031
0.95316655
1.7670245
-0.11918276
-0.18698379
-0.11252207
2.0262129
2.0417741
0.11686173
-4.0742181e-05
3.109044
2.2600462
2.0089524
2.9919779
0.99994541
1.8486701
1.0077443
-0.34046806
1.6433974
2.0806429
1.0318594
-0.078155184
-0.75418731
0.60040812
0.99979309
0.99979309
-0.54499505
1.0323609
0.14775868
1.0070575
0.89414084
0.92781361
1.0077443
2.2611973
1.9735694
-0.58128197
5.00842
-0.083147743
1.9406445
1.9564126
-0.069172182
0.9450314
5.1782591
3.0901947
2.0872273
0.9999705
1.0234014
1.7072087
0.65930173
0.96515291
0.15176261
0.12130635
0.99995205
1.1669892
1.548634
1.0077443
0.99979309
1.0549201
1.0077443
1.1504923
0.00317991
1.6416321
0.99997985
1.59741
2.8231332
-0.080525208
0.88246868
0.24752596
0.86600269
0.14813112
1.2583736
1.0077443
0.99979309
6.4802397
2.0204275
0.028449507
1.6727689
-0.091878234
-0.37055445
2.2119895
3.4178934
4.6394767
1.8242141
2.9678154
0.9999975
0.28582319
1.0435946
2.3923534
-0.091878234
-0.069172182
3.6966648
2.7624819
-0.072573962
-0.063967286
0.97747219
4.8188827
5.5076329
-0.15261064
6.8433795
2.8231332
4.2861317
2.8815664
0.99989617
0.25406859
1.2962138
0.99979309
0.89873795
-0.59594457
-0.072573962
-0.0073612626
1.0077443
0.99979309
4.1535738
1.0346837
0.18800723
0.1924223
1.6609256
0.061855149
1.3578519
0.40939365
-0.054665539
-0.061220936
1.430945
0.27835651
1.2576197
0.67182442
0.99979309
0.99996452
1.4780484
0.66038853
0.23023637
-0.092539982
-0.078250475
-0.11918276
-0.1006264
4.3949033
1.8617244
0.85464966
0.3031155
0.88303223
0.99733482
0.25965993
1.8275903
-0.042522682
0.32662114
0.017871601
4.1292962
1.000049
-0.099200677
-0.40579229
0.2739599
1.9882204
4.4780998
0.20052848
0.99989617
0.99989582
0.077409312
-0.11252207
1.2945211
0.085515849
1.832089
-0.35035477
0.99979309
0.99992319
1.984616
1.6908211
0.2425259
3.351877
-1.1364149
-0.041862981
0.34932719
-1
0.2191434
0.089139459
-0.10061696
-0.080525208
1.0000616
1.034421
-0.016436441
-0.091878234
0.99994027
4.2270532
2.8317828
-0.07043363
2.5083866
0.92132474
-0.63533657
1.7371633
0.9594764
0.66526198
-0.085046061
-0.714477
0.34227732
-0.091878234
-0.14188889
0.24897662
1.0000172
4.1177459
0.7764504
0.5869394
0.43447195
1.548634
0.019273093
-0.072573962
-0.62112815
-0.091878234
0.99986913
0.46655406
-0.052142644
0.29789702
4.8436993
0.14421083
1.4450697
-1.0718719
0.68880258
0.94100718
-0.56364037
0.08232872
1.9884022
2.2959446
0.13455219
1
-0.39227124
1.0000647
3.2802115
1.6838785
1.5150637
-0.13224005
0.94429783
3.7566731
-0.11918276
-0.10586137
1.0000647
2.0635147
-0.70346627
-0.091878234
0.69706875
-0.10586137
-0.12093085
-0.078250475
6.586263
0.92350141
-1.251194
1.3808299
-1.1162321
-0.059034269
-0.091878234
-0.099200677
3.2501797
-0.13250415
0.38826158
-0.088952436
1.0008219
0.023721233
-0.99996228
-0.055544423
0.99979309
6.1156943
-0.11143376
2.3457665
-0.24499588
0.28764905
1.7587162
0.090767188
0.38464366
2.587574
1.7889882
-0.16506755
0.37329063
-0.090587683
1.1856847
-1.5003045
-0.091878234
-0.10586137
1.184592
-0.78995625
0.15070219
-0.054665539
-0.11252207
0.61665029
-1.0484346
-0.060972774
-0.092539982
-1.2257635
0.89115572
-0.11302853
0.81888673
-0.099200677
0.97284181
3.2123927
1.1691239
-0.20603973
0.094954195
-0.097248378
1
2.2706114
-0.99997472
-0.072573962
-0.092539982
1.2334167
-0.12584346
-0.078250475
2.407191
-1.0881196
1.0000546
-0.75187806
1.8111607
1.3168459
-0.091878234
-0.090587683
1
-0.70239194
0.25318822
-0.10390907
0.020707972
-0.099200677
-0.015808831
0.24074848
0.65300881
-0.090587683
2.260876
-1.0086253
0.018250249
-0.79591824
-0.00051235658
-0.53833436
2.5031036
-1.0076585
1.4329184
1.0077443
-0.092539982
2.574847
-0.088952436
1.1526351
-0.092539982
-0.091878234
-0.092539982
-0.12020626
-0.20639639
0.93464898
-0.12392076
-0.22131342
-0.021421278
0.088592694
-0.0050865297
-0.080682746
0.40394793
0.028796106
-0.027161856
-0.29085526
1.1709888
0.39718356
1.0077443
0.067740653
1.0062814
-0.090587683
-0.072573962
1.5660949
-0.74662136
0.9516978
-0.090587683
1.3010778
-0.11815661
-0.074657694
0.64318873
1.1738113
1.3520675
-0.090587683
-1.0085877
-0.08439942
-0.069172182
2.9923842
-0.11252207
0.19248046
-0.10442082
1.1709888
-0.092539982
1.4287813
-0.20355156
4.6936185
1.3366438
-0.31638691
1.0000209
-0.078250475
1.2114477
-0.38314619
0.17088536
-0.78181981
2.0996226
0.38488189
1.269138
-0.099200677
0.89106977
-0.10024735
-0.072573962
-0.069172182
-0.10663311
1.1400245
-0.99904546
-1.2692609
1.2723958
-0.78995625
-0.0069426909
-0.3059699
2.9527556
-1.118938
2.3721745
-0.097248378
-0.099200677
-0.099200677
1.2753488
-0.21710426
3.0308529
0.14427709
0.076907546
-0.099200677
-0.092539982
1.9216877
-0.0071546111
2.6736449
-0.32473149
0.088037915
-0.6046202
1.5355471
-0.10343164
0.017867684
-0.092539982
-0.066974839
-0.99904546
3.4236686
-0.083464328
-0.090587683
-1
0.065554513
-0.99997472
-0.21264179
1.7469617
1.9752153
-0.092539982
1.0055688
-0.072573962
2.0847488
-0.057181563
2.8973411
0.065788355
0.99998798
-0.058060859
3.2220681
1.0225247
-0.4657302
1.1921711
2.3798194
0.25725126
4.0994035
-0.092539982
-0.30125492
-0.33817624
1.0749386
0.16338262
0.30721399
1.3532679
-0.38784332
0.36215536
-0.19271834
-0.091878234
0.40579655
1.000669
-0.78904229
-0.099200677
3.5002824
0.1359939
1.6678671
-0.53833436
-0.15847876
-0.073046394
-0.092539982
-0.074848695
-0.090587683
-0.078536019
-0.18676109
3.684363
-0.77416055
0.3180233
-1
0.15874578
1.0157681
-0.75295679
2.6405613
-0.11252207
2.220866
-0.11918276
-0.021485344
0.060916904
-0.11918276
-0.99997683
0.51353452
-0.11252207
-0.086201721
-0.14286523
0.99979309
-1.6970194
3.6157275
1.3278748
1.0450593
0.29368697
-0.090587683
0.802931
4.0966873
1.2658962
-0.10339468
1.000049
-1.1655615
1.7824891
-0.47775287
2.0025983
-1.0000464
1.000049
-0.092539982
1.2461923
-0.33380737
1.7151075
-0.32371199
-0.4436797
-0.14091293
2.998866
-0.23018505
0.00209959
-0.94576251
0.83625695
-0.68537017
-0.078250475
3.4688052
-0.98297991
2.6120778
-0.092539982
2.0486715
-0.99999551
-0.078250475
-0.12093085
-0.092539982
1.9485957
-0.52752803
-0.11770261
-0.25461689
2.6740757
-1.0000076
-0.70929224
-0.091878234
0.40579655
1.3503979
-0.78995625
0.29687505
-0.10227383
0.62099775
-0.14570829
-0.091878234
-0.78181981
0.072740648
-0.097248378
1.9494202
-1.0086253
2.3591266
-1.0076585
0.15186598
-0.057034851
-1.1100831
1.0510886
0.087935093
0.57575291
1.0000396
1.0629439
0.023021676
-0.99997472
2.2657372
-0.61627183
1.0952972
-0.32371199
4.1090761
-0.71965332
0.74256911
-0.099200677
0.99979309
-1.071573
1.0086067
-0.097248378
-0.14286523
-0.090587683
-0.010763043
-0.14649652
3.4673096
-0.13177457
3.340926
-0.092539982
-0.10390907
1.0079512
-0.099200677
0.65165748
-0.12759154
-0.12954384
1.0000398
-0.14593838
1.0009725
-0.25412563
-0.078250475
-0.046714293
0.96839803
-0.31356138
-0.091878234
1.115826
0.86761484
-0.092539982
-0.092539982
-0.091878234
1.1885614
0.83771857
1.3590416
-0.092539982
-0.086201721
-0.091878234
-0.049619748
0.067694849
-0.039182572
-0.02880587
-0.093334974
3.0261951
-0.12954384
1.0934458
-0.051129358
1.8057266
-0.063967286
-0.092539982
1.1789401
-0.091878234
-0.097248378
1
1.0077443
-0.068158897
1.8316379
-0.12759154
1.0413071
4.6429082
-1.5482476
-0.0036729545
3.1749573
0.13239361
5.3360308
0.25026012
-0.072573962
-0.078250475
-0.090587683
-0.77741631
0.71434567
-0.090587683
0.014465904
2.0970262
-0.4415513
1.2052944
-0.11252207
0.36765428
0.39718356
1.0840619
0.1636308
-0.090587683
1.0559771
-0.090587683
-0.091878234
-0.4218509
1.0008219
0.99992658
-0.070590293
-0.092539982
0.99984705
1.2939939
-0.70611437
1.0000165
0.32294683
-0.092539982
-0.78995625
1.87024
0.99983491
-1.0085877
-0.013037776
-0.091878234
0.092451357
-1.14937
-0.07043363
0.99979309
-0.080525208
-0.092539982
-0.048989026
-0.097248378
-0.091878234
1.024566
-0.092539982
0.028341817
4.6628515
0.13183258
-0.091878234
-0.074848695
1.3885742
-0.092539982
0.47517197
-1.923406
0.86284346
-0.131024
0.040228465
-0.23606201
-0.099200677
0.00051161737
-0.19449741
0.31160657
-0.59754058
-0.046714293
3.5086103
-1.0076585
-0.24806012
-0.78995625
0.37056024
2.1759401
-0.015178111
0.49869548
-0.15782747
-0.11770261
-0.34369408
-0.0013021875
1
-1.7280532
3.1636007
-2.0861195
3.1369812
2.4735186
0.70548761
-0.59087989
1.4287813
-0.20355156
1
-0.22744901
-0.091878234
1.146306
1
-0.068158897
-0.092539982
1.1613781
-0.080158648
1.0708005
2.5253082
-0.092539982
-0.092539982
-0.091878234
-0.090587683
1.0694215
-0.0022988952
-0.090587683
0.50727406
-0.024390801
-0.086201721
0.64875041
-0.10586137
-0.081667005
-0.86003702
1.9454749
1.1080449
-0.092539982
1.0077443
-0.46466399
1.6713054
0.022852911
-0.02444271
-0.091878234
-0.069172182
-0.099200677
2.7362497
-0.11529053
0.64451395
-0.74485197
1.0077443
-0.092539982
0.081893963
-0.092539982
-0.091878234
0.094660923
0.15042339
-0.092539982
-0.99995097
1.6993523
-0.11056977
-0.062639047
5.4359416
-0.07129901
-0.88795522
1.0554818
-0.090587683
0.99998798
-0.20133133
-0.01304579
0.14502568
-0.097248378
3.5980613
0.01402358
-0.093494525
4.4012784
-0.65406478
1.0763176
1.2529829
1.000049
-0.99997472
-0.18309734
-0.091878234
-0.11252207
1.1789401
-0.091878234
1
-0.93755939
2.5554501
-0.062482384
-0.085348516
-0.066897449
-0.46239194
-0.091878234
0.13707443
-0.11056977
1.0080002
1.1101775
1.052695
-0.097248378
0.99993595
0.82683798
-0.091878234
-0.043487132
4.5986588
-0.099200677
2.8367145
4.1815393
-0.0060998184
-0.091878234
-0.099200677
1.8583007
0.99986243
0.90032661
0.19659478
1.0237761
0.033773597
2.2611973
-0.17497829
1.2747336
-1.0000843
0.65315001
-0.099200677
-0.062482384
-0.42425968
2.3221281
-1.0000647
0.82249577
3.500251
-0.090587683
-0.091878234
0.99999615
-0.18504963
-0.10586137
2.2296214
-0.73246083
2.4464158
-0.090587683
-0.07174594
-0.090587683
1.0077443
0.22240203
-0.10586137
0.99979309
1.8123555
-0.28696601
-0.060972774
0.90600312
-0.069172182
-0.090587683
-0.091878234
-0.092539982
1.9488026
-0.11918276
0.838191
-0.078250475
-0.98357489
1
-0.12093085
0.16321901
-0.086201721
-0.068158897
0.40579655
0.34607395
0.33178884
0.99614563
0.10655156
-0.097248378
-0.086201721
0.18217321
-0.10390907
1.1130051
-0.12759154
0.37585455
-1.8120337
1.1789401
0.99989582
-0.37648549
1.3151646
1.8677709
-0.78995625
-0.031959487
-0.1187812
-0.054665539
2.1478739
-0.22221245
-0.078250475
-0.072573962
-2.1478106
-0.078250475
0.73695528
-1.0783005
2.7678284
-0.049619748
-0.078250475
-0.092539982
-0.072573962
0.36670208
-1.0000123
1.0000426
-0.12759154
0.99993595
-0.091878234
-0.091878234
-0.27090425
0.054044828
-0.072573962
-0.10746691
-1.0085877
2.0164549
-0.35896777
-0.036819221
2.9292287
-0.11252207
0.6527582
-0.099712428
-0.072573962
-0.10586137
0.99979309
-2.1478106
0.93820444
-0.094251734
-0.091878234
-0.10586137
-0.091878234
1.605332
-0.12562128
-0.054665539
-0.055544423
-0.035307185
0.80773856
3.2528837
-0.11950899
1.0000202
-0.091878234
-0.097248378
-0.093848053
0.64528511
-0.21315355
-0.052390806
0.99995898
-0.16557283
2.3134356
-0.092539982
0.86692154
0.12117924
-0.092539982
1.0008219
-2.0695627
0.15935085
-0.063968101
0.00026984828
0.00083814556
-0.091878234
-0.10586137
-0.091878234
2.6128031
-0.078170822
-0.010763043
-0.00062031422
-0.04103778
-0.10586137
-0.11051114
2.0394794
-0.097248378
-0.0028086822
-0.086201721
1.8625376
-1.2326921
0.91245758
0.90103188
2.1818256
0.95547102
3.5104659
-0.10750946
2.0088937
-0.091878234
1.7669753
-0.32371199
-0.36667403
-0.062818758
0.016606233
0.16205522
-0.11056977
-0.086201721
1
-0.097248378
-0.022116068
-0.072573962
-0.092539982
0.0083169595
-0.091878234
-0.099200677
